  -1.9631541520783862e+00   5.8367747429040158e+00
  -1.9694186495480859e+00   5.8652538039865787e+00
  -1.9259892013577606e+00   5.8218243557962523e+00
  -1.9433609806338903e+00   5.8391961350723820e+00
  -1.8833236926289199e+00   5.8123745266967024e+00
  -1.9805259313545165e+00   5.8541465221801472e+00
  -1.9465038640070049e+00   5.8534250309753979e+00
  -2.0003475830399391e+00   5.8516966497708527e+00
  -2.0288837510325717e+00   5.8579040403304816e+00
  -1.9916616934018756e+00   5.8430107601327874e+00
  -1.9117603054547450e+00   5.8186814724231368e+00
  -1.8864877190704188e+00   5.8265822795313333e+00
  -1.8778018294323533e+00   5.8178963898932690e+00
  -1.8920095822669851e+00   5.8210604163347668e+00
  -2.0003475830399391e+00   5.8516966497708527e+00
  -1.8580932312907321e+00   5.8202332087587605e+00
  -1.9544682624403213e+00   5.8280888532659514e+00
  -2.0115119717564416e+00   5.8405322610543520e+00
  -1.9346750909958250e+00   5.8305102454343167e+00
  -2.0003475830399391e+00   5.8516966497708527e+00
  -1.9600325743085201e+00   5.8225245413977520e+00
  -2.0288837510325717e+00   5.8579040403304816e+00
  -1.9781045391861507e+00   5.8739396936246422e+00
  -1.9433609806338903e+00   5.8391961350723820e+00
  -1.9409679233988637e+00   5.8589609715835405e+00
  -1.9607327599100204e+00   5.8565679143485116e+00
  -1.8951736087084836e+00   5.8352681691693986e+00
  -1.9774043535846504e+00   5.8398963206738834e+00
  -1.9465038640070049e+00   5.8534250309753979e+00
  -1.9346750909958250e+00   5.8305102454343167e+00
  -1.9923405188051695e+00   5.8770754932817537e+00
  -2.0462555303087022e+00   5.8752758196066113e+00
  -1.9662828498909746e+00   5.8510178243675597e+00
  -1.8636010884893812e+00   5.8147253515601118e+00
  -1.9836546291671042e+00   5.8683896036436884e+00
  -1.9631541520783862e+00   5.8367747429040158e+00
  -1.9749687395290398e+00   5.8597037140056241e+00
  -1.9860902432227157e+00   5.8485822103119478e+00
  -2.0003475830399391e+00   5.8516966497708527e+00
  -2.0059261898686955e+00   5.8461180429420976e+00
  -1.9433609806338903e+00   5.8391961350723820e+00
  -1.8604300501562236e+00   5.8005246106171384e+00
  -1.9346750909958250e+00   5.8305102454343167e+00
  -1.9093813615431154e+00   5.8384321956108964e+00
  -1.9860902432227157e+00   5.8485822103119478e+00
  -1.9235961441227341e+00   5.8415891923074081e+00
  -1.9631541520783862e+00   5.8367747429040158e+00
  -1.8549151988513164e+00   5.8060394619220457e+00
  -1.9235961441227341e+00   5.8415891923074081e+00
  -1.9433609806338903e+00   5.8391961350723820e+00
